15
32
35
37
85
9
23
24
60
70
16
18
68
81
83
24
48
52
69
78
9
31
50
76
82
7
42
49
54
97
20
26
42
48
75
14
17
23
61
97
7
43
75
83
89
44
47
52
76
100
32
41
49
78
86
2
11
60
89
92
21
27
38
77
91
26
67
81
92
100
3
15
63
85
94
22
28
55
73
96
22
24
30
38
88
13
22
35
63
84
36
37
41
43
100
48
79
89
91
98
6
15
32
52
77
10
27
31
53
84
17
30
46
52
81
41
43
44
57
97
1
42
50
73
88
22
27
80
90
94
37
53
60
67
100
3
35
64
67
98
9
45
49
73
88
27
44
86
94
98
25
28
38
53
79
4
20
30
54
80
1
11
12
26
92
4
17
31
39
88
25
26
50
63
94
5
43
70
92
100
1
38
41
67
76
18
57
58
77
100
1
28
64
82
93
2
30
37
72
95
19
23
29
54
72
30
58
86
98
100
14
47
69
78
91
9
15
51
61
65
19
42
43
69
81
5
41
75
91
93
1
16
18
25
86
21
58
77
95
98
9
86
88
93
95
24
35
37
42
63
