1
5
11
16
20
39
42
53
70
76
17
19
25
32
45
47
50
51
60
83
6
16
27
39
42
44
68
73
84
97
2
8
15
21
56
61
63
64
97
99
33
44
59
62
72
73
80
82
92
100
9
26
29
44
62
63
67
69
73
100
36
41
46
64
71
72
80
81
85
92
8
10
27
29
31
49
68
76
82
89
12
20
24
26
60
66
77
80
88
92
9
15
18
29
45
50
61
83
89
99
21
30
33
35
52
67
68
78
92
96
5
13
18
32
49
68
78
86
92
96
1
8
9
17
21
42
51
53
61
92
25
32
58
65
76
77
80
86
87
95
24
26
30
32
35
36
39
41
54
87
13
14
15
19
24
37
48
56
72
87
21
27
38
42
43
44
46
54
55
57
2
25
38
45
64
65
67
84
94
96
2
24
30
34
41
60
76
77
98
100
22
33
34
38
43
61
70
89
99
100
10
13
15
19
21
26
30
32
65
79
20
21
22
33
44
48
55
57
76
95
2
11
15
52
54
60
62
77
97
98
1
2
21
31
43
47
61
76
92
95
27
32
38
40
42
59
73
77
80
85
10
12
20
39
41
44
45
46
50
64
6
9
28
30
36
58
69
90
92
93
8
21
44
46
55
67
68
74
84
86
4
14
20
58
76
77
78
79
90
93
47
49
57
73
85
87
89
91
93
95
2
10
16
33
42
54
71
82
85
89
12
15
21
33
44
70
93
94
95
96
5
10
28
32
33
58
67
79
83
88
3
30
47
49
51
57
60
63
77
84
5
16
22
33
40
45
61
83
88
99
1
8
14
40
52
60
61
65
73
83
1
2
16
28
39
46
58
76
78
95
6
16
43
49
53
56
60
69
96
98
8
10
12
28
38
62
76
77
78
92
9
11
25
43
54
60
61
74
86
94
9
21
22
29
30
41
60
69
83
90
31
41
44
55
56
68
80
89
93
96
12
29
46
53
58
62
64
77
84
93
29
32
46
58
65
72
74
76
77
85
2
6
25
61
69
77
78
88
93
97
6
11
15
16
28
57
63
67
86
91
3
6
47
51
54
57
62
76
86
97
29
30
33
36
37
43
54
61
76
98
4
33
34
41
44
49
81
90
95
97
4
13
22
24
58
62
70
77
94
98
