3
5
7
8
26
30
34
41
43
50
51
52
60
61
64
67
76
79
96
100
1
3
9
19
33
42
43
47
51
53
56
65
68
72
84
87
89
93
95
97
1
5
10
17
20
33
40
46
47
58
60
63
66
70
75
81
84
86
94
95
1
2
8
21
34
37
38
40
51
58
61
63
72
75
78
83
84
89
95
96
2
4
9
10
18
19
24
25
27
33
35
43
45
48
53
65
67
70
84
86
6
8
13
22
24
39
47
54
56
60
67
73
75
76
78
80
84
88
95
98
7
10
24
30
38
42
48
50
63
64
66
70
71
75
78
83
85
88
90
100
2
3
5
10
12
24
34
43
46
49
51
53
54
63
67
68
70
77
91
100
3
13
17
19
23
32
37
39
46
58
59
68
73
74
75
76
80
83
84
94
6
10
25
31
37
44
45
53
54
57
74
75
79
80
82
87
90
91
93
99
3
5
6
9
17
18
33
35
43
47
54
59
65
70
76
77
78
84
85
99
4
5
8
11
16
18
21
31
32
36
38
47
48
57
64
68
71
84
90
100
2
11
27
34
36
37
38
49
55
56
59
61
62
71
74
76
85
94
95
98
2
3
6
10
12
15
19
21
28
31
32
51
56
60
61
63
77
80
85
87
3
4
7
11
14
29
32
34
44
55
59
64
66
72
76
79
80
84
88
97
1
6
7
11
21
25
32
33
37
45
48
64
66
71
82
84
88
89
96
100
8
24
27
31
32
36
43
46
51
54
55
61
62
69
70
75
77
86
92
95
8
21
26
27
28
35
37
44
48
52
54
55
56
73
76
87
90
94
95
98
1
3
6
8
9
11
13
14
15
22
26
34
35
37
41
64
74
83
85
92
1
4
7
10
27
32
36
38
43
46
47
56
59
60
62
64
70
83
84
87
2
4
5
13
18
20
32
33
38
39
47
48
54
56
63
66
70
77
92
96
7
11
14
20
21
24
28
30
35
44
46
59
60
63
65
66
74
80
91
98
20
24
26
28
38
41
50
53
54
55
58
62
66
74
76
80
81
85
90
100
3
6
8
15
32
39
42
48
49
51
57
58
66
68
71
77
78
94
95
99
3
4
5
22
25
30
35
37
38
40
47
50
56
71
79
81
84
88
90
96
11
12
18
20
28
30
33
34
47
49
51
55
61
65
68
71
75
78
79
94
6
7
10
12
14
17
39
43
46
49
53
55
56
60
79
80
89
94
98
99
2
6
13
21
29
39
49
50
55
57
61
62
65
71
74
76
79
82
91
94
2
3
4
16
25
34
36
52
54
55
59
67
73
74
76
79
86
88
91
93
7
12
14
15
19
20
22
31
34
44
45
48
51
54
68
77
82
83
88
95
4
26
34
36
39
45
48
50
51
56
57
63
70
71
75
80
84
85
92
98
4
13
19
26
31
33
34
44
46
50
52
53
58
65
73
76
85
90
93
98
1
4
6
13
15
19
20
24
26
37
38
46
51
56
64
66
73
74
82
86
3
6
9
11
13
14
26
38
43
50
55
58
68
70
71
81
86
89
94
97
7
17
24
27
30
33
37
42
53
55
61
64
65
69
74
77
81
92
93
94
4
5
9
12
21
29
31
33
35
38
48
56
60
63
67
75
76
79
86
88
5
6
8
13
14
15
16
21
35
37
39
42
46
48
53
62
73
84
88
94
13
29
30
31
32
36
37
38
41
43
45
47
56
71
77
83
86
87
92
96
2
4
7
9
12
22
31
35
49
50
55
58
60
74
75
78
79
81
91
99
4
6
9
15
16
19
31
36
40
50
55
65
68
72
85
87
88
92
94
96
6
12
13
17
21
24
25
36
39
42
45
46
50
62
66
73
76
87
98
99
2
7
10
14
35
41
43
45
47
49
54
56
72
75
77
79
83
85
90
100
4
12
13
18
29
33
35
37
38
46
49
61
65
73
79
85
86
89
91
96
7
12
13
19
20
22
26
31
41
45
52
55
71
74
75
76
81
93
95
98
1
10
11
13
18
20
21
25
28
29
34
35
44
45
46
65
70
89
90
100
3
5
6
9
19
21
29
31
37
44
48
53
63
68
69
71
75
79
82
91
3
4
7
16
28
32
36
45
50
51
52
66
67
82
84
86
88
89
91
97
8
9
11
34
42
44
55
58
59
63
65
66
71
73
77
78
84
93
96
98
1
11
15
18
24
36
39
48
50
51
56
62
64
65
69
72
76
85
89
90
5
8
11
17
21
25
42
46
53
54
56
57
65
73
75
79
88
89
92
100
