1338062791
1338065881
1338065848
1338071628
1338070581
1338075255
1338103996
1338142805
1338162671
1338202802
1338202869
1338234831
1338238666
1338250655
1338276074
1338292268
1338302190
1338338022
1338355131
1338365097
1338386645
1338401209
1338406729
1338419368
1338425410
1338446914
1338443108
1338447058
1338460757
1338474900
1127941139
1898166170
811989610
1292174819
1284306662
1655960749
4219508044
4265828742
1911749677
1626202039
1324213080
648351280
2885644914
3145238582
4214015630
3566689185
3200174727
2116067107
1689395220
2533070268
2768748295
1437608049
4254525862
950510573
2153209725
3346314348
198236679
549948784
260749736
116766000
2913640962
3647572421
1714772135
2874556746
2115301432
455424908
2954984105
1291361195
3493839381
4239641557
83553837
396907675
152606488
2035529553
299032022
1361806878
3977505396
3444608118
994144782
1763169983
878945677
1458339707
2661762247
2574969632
3017232701
1083219377
3128549132
1789042324
12548682
939860542
2685946730
3296768823
3797975615
195773572
678099667
2123531530
2355197482
2331617260
2796189977
796543654
3167089193
2901318789
6432636356
9266620726
2132261937
5794064685
7035531240
4558386805
9392746855
4777909082
8182620544
1527965494
7565435162
9656075410
4520016879
1592995672
9218145746
7661807311
2404601775
1556149655
2354752631
7593673011
2694761687
8543275796
4378533094
8891318029
8282134116
768022924
3438612293
4394812027
1329703561
2133255452
650849280
2062496369
6447050769
5818006622
4976183770
2237533818
4052107138
6033559171
2669310523
1569174822
3402102673
6586308352
565687314
1099175491
9241158229
9382762740
4652951157
4875886287
5109613687
9196459677
5092472010
3078524191
371860230
1233030234
8099263561
3094288734
7609171117
8925471731
9310399618
1898371679
9083815659
3621114256
9446962311
1708960615
4467404740
342550462
4018327984
5141752976
5447624563
6731420283
7903977660
6982018924
1701268471
2788750725
7151795435
2068830205
1027538853
692624660
6860578545
8792810089
8362354886
9212557562
882015486
3544146995
8941648743
5412133921
9597018009
5298078144
18888182
7756617093
2109320831
4351506519
8827248921
4035564500
8044972651
7924290231
2588687361
6025375521
